function [c,A,b,B,p,P]=Fehlberg_4and5

% embedded RK pair Fehlberg  order 4 and 5 as in  Hairer-I, p. 177

c=[0 1/4 3/8 12/13 1 1/2]';
A=[zeros(1,6);
    1/4 zeros(1,5);
    3/32 9/32 zeros(1,4);
    1932/2197 -7200/2197 7296/2197  zeros(1,3);
    439/216 -8 3680/513 -845/4104 zeros(1,2);
    -8/27 2 -3544/2565 1859/4104 -11/40 0];
b=[25/216 0 1408/2565 2197/4104 -1/5 0]';
B=[16/135 0 665/12825 28561/56430 -9/50 2/55]';
p=4;
P=5;
